                 MORTGAGE AMORTIZATION TABLE
Amount:                                 $  95,000,000.00
Interest Rate:                          6.75%
Term(Years):                            5
Monthly Payment:                        $   1,869,928.76
Additional Principle:                   $     300,000.00
Actual Payment:                         $   2,169,928.76

               Principle              Interest               Balance
1         $   1,635,553.76      $     534,375.00      $  93,364,446.23
2             1,644,753.75            525,175.01         91,719,692.48
3             1,654,005.49            515,923.27         90,065,686.99
4             1,663,309.27            506,619.48         88,402,377.71
5             1,672,665.38            497,263.37         86,729,712.32
6             1,682,074.13            487,854.63         85,047,638.19
7             1,691,535.79            478,392.96         83,356,102.39
8             1,701,050.68            468,878.07         81,655,051.71
9             1,710,619.09            459,309.66         79,944,432.61
10            1,720,241.32            449,687.43         78,224,191.28
11            1,729,917.68            440,011.07         76,494,273.59
12            1,739,648.47            430,280.28         74,754,625.12
13            1,749,433.99            420,494.76         73,005,191.12
14            1,759,274.56            410,654.20         71,245,916.56
15            1,769,170.48            400,758.28         69,476,746.08
16            1,779,122.06            390,806.69         67,697,624.01
17            1,789,129.62            380,799.13         65,908,494.38
18            1,799,193.48            370,735.28         64,109,300.90
19            1,809,313.94            360,614.81         62,299,986.95
20            1,819,491.33            350,437.42         60,480,495.62
21            1,829,725.97            340,202.78         58,650,769.64
22            1,840,018.18            329,910.57         56,810,751.46
23            1,850,368.28            319,560.47         54,960,383.17
24            1,860,776.60            309,152.15         53,099,606.56
25            1,871,243.47            298,685.28         51,228,363.09
26            1,881,769.22            288,159.54         49,346,593.87
27            1,892,354.17            277,574.59         47,454,239.70
28            1,902,998.66            266,930.09         45,551,241.03
29            1,913,703.03            256,225.73         43,637,538.00
30            1,924,467.61            245,461.15         41,713,070.39
31            1,935,292.74            234,636.02         39,777,777.64
32            1,946,178.76            223,749.99         37,831,598.88
33            1,957,126.01            212,802.74         35,874,472.86
34            1,968,134.85            201,793.90         33,906,338.01
35            1,979,205.61            190,723.15         31,927,132.40
36            1,990,338.64            179,590.11         29,936,793.75
37            2,001,534.29            168,394.46         27,935,259.45
38            2,012,792.92            157,135.83         25,922,466.53
39            2,024,114.88            145,813.87         23,898,351.64
40            2,035,500.53            134,428.22         21,862,851.10
41            2,046,950.22            122,978.53         19,815,900.88
42            2,058,464.32            111,464.44         17,757,436.56
43            2,070,043.18             99,885.58         15,687,393.37
44            2,081,687.17             88,241.58         13,605,706.20
45            2,093,396.66             76,532.09         11,512,309.53
46            2,105,172.02             64,756.74          9,407,137.51
47            2,117,013.61             52,915.14          7,290,123.89
48            2,128,921.81             41,006.94          5,161,202.08
49            2,140,897.00             29,031.76          3,020,305.08
50            2,152,939.54             16,989.21            867,365.53
51              867,365.53              4,878.93                  0.00
