                 MORTGAGE AMORTIZATION TABLE
Amount:                                 $500000.00
Interest Rate:                          6.53%
Term(Years):                            15
Monthly Payment:                        $4364.06
Additional Principle:                   $300.00
Actual Payment:                         $4664.06

               Principle            Interest             Balance
1            $   1942.81         $   2721.25         $ 498057.19
2                1953.39             2710.68           496103.80
3                1964.02             2700.04           494139.78
4                1974.71             2689.36           492165.08
5                1985.45             2678.61           490179.62
6                1996.26             2667.80           488183.36
7                2007.12             2656.94           486176.24
8                2018.05             2646.01           484158.19
9                2029.03             2635.03           482129.16
10               2040.07             2623.99           480089.09
11               2051.18             2612.88           478037.91
12               2062.34             2601.72           475975.57
13               2073.57             2590.50           473902.00
14               2084.85             2579.21           471817.15
15               2096.20             2567.86           469720.95
16               2107.61             2556.46           467613.35
17               2119.08             2544.99           465494.27
18               2130.61             2533.45           463363.66
19               2142.21             2521.86           461221.46
20               2153.86             2510.20           459067.59
21               2165.59             2498.48           456902.01
22               2177.37             2486.69           454724.63
23               2189.22             2474.84           452535.41
24               2201.14             2462.92           450334.27
25               2213.12             2450.94           448121.15
26               2225.16             2438.90           445895.99
27               2237.27             2426.79           443658.72
28               2249.45             2414.61           441409.27
29               2261.69             2402.37           439147.57
30               2274.00             2390.06           436873.57
31               2286.38             2377.68           434587.19
32               2298.82             2365.24           432288.37
33               2311.33             2352.73           429977.04
34               2323.91             2340.15           427653.13
35               2336.56             2327.50           425316.57
36               2349.28             2314.79           422967.29
37               2362.06             2302.00           420605.23
38               2374.92             2289.14           418230.31
39               2387.84             2276.22           415842.47
40               2400.84             2263.22           413441.63
41               2413.91             2250.16           411027.72
42               2427.04             2237.02           408600.68
43               2440.25             2223.81           406160.42
44               2453.53             2210.53           403706.89
45               2466.89             2197.17           401240.00
46               2480.31             2183.75           398759.69
47               2493.81             2170.25           396265.88
48               2507.39             2156.68           393758.49
49               2521.03             2143.03           391237.46
50               2534.75             2129.31           388702.71
51               2548.55             2115.51           386154.16
52               2562.42             2101.64           383591.74
53               2576.36             2087.70           381015.38
54               2590.39             2073.68           378424.99
55               2604.48             2059.58           375820.51
56               2618.66             2045.40           373201.85
57               2632.91             2031.15           370568.93
58               2647.24             2016.82           367921.69
59               2661.65             2002.41           365260.05
60               2676.13             1987.93           362583.91
61               2690.70             1973.36           359893.21
62               2705.34             1958.72           357187.87
63               2720.07             1943.99           354467.80
64               2734.87             1929.19           351732.93
65               2749.76             1914.31           348983.17
66               2764.72             1899.34           346218.45
67               2779.77             1884.29           343438.68
68               2794.90             1869.17           340643.79
69               2810.11             1853.95           337833.68
70               2825.40             1838.66           335008.28
71               2840.78             1823.28           332167.50
72               2856.24             1807.82           329311.26
73               2871.79             1792.28           326439.47
74               2887.42             1776.65           323552.05
75               2903.13             1760.93           320648.92
76               2918.93             1745.13           317729.99
77               2934.82             1729.25           314795.18
78               2950.79             1713.27           311844.39
79               2966.85             1697.21           308877.54
80               2983.00             1681.07           305894.54
81               2999.23             1664.83           302895.31
82               3015.55             1648.51           299879.76
83               3031.97             1632.10           296847.79
84               3048.47             1615.59           293799.32
85               3065.06             1599.00           290734.26
86               3081.74             1582.32           287652.52
87               3098.51             1565.55           284554.01
88               3115.38             1548.69           281438.63
89               3132.33             1531.73           278306.30
90               3149.38             1514.68           275156.92
91               3166.52             1497.54           271990.40
92               3183.75             1480.31           268806.64
93               3201.08             1462.98           265605.56
94               3218.50             1445.56           262387.06
95               3236.02             1428.04           259151.03
96               3253.63             1410.43           255897.40
97               3271.34             1392.72           252626.06
98               3289.14             1374.92           249336.92
99               3307.05             1357.02           246029.87
100              3325.04             1339.02           242704.83
101              3343.14             1320.92           239361.68
102              3361.34             1302.73           236000.35
103              3379.63             1284.43           232620.72
104              3398.02             1266.04           229222.69
105              3416.52             1247.54           225806.18
106              3435.11             1228.95           222371.06
107              3453.81             1210.25           218917.26
108              3472.61             1191.46           215444.65
109              3491.50             1172.56           211953.15
110              3510.51             1153.55           208442.64
111              3529.61             1134.45           204913.03
112              3548.82             1115.24           201364.20
113              3568.14             1095.92           197796.06
114              3587.56             1076.51           194208.51
115              3607.08             1056.98           190601.43
116              3626.71             1037.35           186974.71
117              3646.45             1017.61           183328.26
118              3666.30              997.76           179661.96
119              3686.25              977.81           175975.71
120              3706.31              957.75           172269.39
121              3726.49              937.58           168542.91
122              3746.77              917.29           164796.14
123              3767.16              896.90           161028.98
124              3787.66              876.40           157241.32
125              3808.28              855.79           153433.04
126              3829.00              835.06           149604.04
127              3849.84              814.22           145754.20
128              3870.80              793.27           141883.40
129              3891.86              772.20           137991.54
130              3913.04              751.02           134078.50
131              3934.34              729.72           130144.16
132              3955.75              708.31           126188.40
133              3977.28              686.78           122211.12
134              3998.93              665.13           118212.19
135              4020.69              643.37           114191.50
136              4042.58              621.49           110148.93
137              4064.58              599.49           106084.35
138              4086.70              577.36           101997.65
139              4108.94              555.12            97888.71
140              4131.30              532.76            93757.41
141              4153.79              510.27            89603.62
142              4176.39              487.67            85427.23
143              4199.12              464.94            81228.10
144              4221.98              442.08            77006.12
145              4244.96              419.11            72761.17
146              4268.06              396.00            68493.11
147              4291.29              372.77            64201.82
148              4314.64              349.42            59887.18
149              4338.13              325.94            55549.05
150              4361.74              302.33            51187.31
151              4385.48              278.59            46801.84
152              4409.34              254.72            42392.49
153              4433.34              230.72            37959.15
154              4457.47              206.59            33501.68
155              4481.73              182.33            29019.95
156              4506.12              157.94            24513.83
157              4530.65              133.42            19983.19
158              4555.30              108.76            15427.88
159              4580.10               83.97            10847.79
160              4605.02               59.04             6242.76
161              4630.09               33.98             1612.68
162              1612.68                8.78                0.00
